POSITION	SEASON	GP	PPG	PER	MPG	RPG	APG	SPG	BPG	TPG	FGM	FGA	FG%	3PM	3PA	3P%	FTM	FTA	FT%	MIN	PTS	REB	AST	STL	BLK	TOV	PF	+/-
Point Guard	1984-85	3463	10.1	14.9	25.1	2.4	5.4	1.3	0.2	1.9	4.0	8.5	46.9	0.2	0.6	28.4	1.9	2.4	79.1	87,090	34,962	8,181	18,647	4,553	542	6,750	7,374	
Shooting Guard	1984-85	3908	11.9	15.1	23.7	2.6	3.0	1.0	0.2	1.7	4.8	9.8	48.4	0.2	0.6	29.3	2.2	2.7	79.9	92,711	46,367	10,256	11,749	3,842	911	6,719	8,472	
Small Forward	1984-85	3773	12.8	16	24.0	4.1	2.1	0.8	0.4	1.7	5.1	10.4	49.0	0.1	0.3	30.1	2.5	3.3	77.5	90,494	48,476	15,580	7,929	3,034	1,378	6,330	8,592	
Power Forward	1984-85	4241	9.9	14.2	22.8	5.7	1.5	0.6	0.7	1.7	3.9	7.7	50.5	0.0	0.1	15.7	2.2	3.0	72.9	96,750	42,066	24,073	6,169	2,689	2,811	7,222	11,815	
Center	1984-85	3904	9.5	14.8	22.6	6.1	1.3	0.5	1.1	1.6	3.7	7.2	51.0	0.0	0.0	11.5	2.1	2.9	73.9	88,295	37,170	23,918	5,021	2,004	4,377	6,206	10,783	
Point Guard	1985-86	3620	10.2	15.3	24.8	2.4	5.4	1.3	0.2	2.0	3.9	8.4	47.0	0.2	0.7	28.1	2.1	2.7	79.2	89,619	36,829	8,510	19,430	4,663	564	7,235	7,619	
Shooting Guard	1985-86	3858	11.3	14.6	23.3	2.5	2.8	1.0	0.2	1.6	4.5	9.5	47.5	0.2	0.5	30.4	2.1	2.6	80.0	89,974	43,504	9,662	10,908	3,804	796	6,052	8,059	
Small Forward	1985-86	4021	12.4	15.9	23.7	4.1	2.0	0.8	0.3	1.7	4.9	10.0	49.0	0.1	0.3	28.8	2.6	3.3	77.7	95,097	50,044	16,465	8,062	3,235	1,381	6,662	9,443	
Power Forward	1985-86	4256	10.1	14.2	23.4	6.0	1.4	0.7	0.6	1.8	3.9	7.8	50.5	0.0	0.1	19.3	2.2	3.1	69.7	99,404	42,871	25,548	6,126	2,867	2,678	7,448	12,114	
Center	1985-86	3654	9.5	14.9	22.3	6.0	1.2	0.5	1.2	1.6	3.7	7.3	49.9	0.0	0.0	12.3	2.1	2.9	73.1	81,546	34,627	21,976	4,539	2,007	4,493	5,728	10,308	
Point Guard	1986-87	3387	10.1	15.2	25.1	2.5	5.6	1.2	0.2	1.9	3.9	8.4	46.3	0.3	0.9	29.2	2.1	2.6	80.7	85,116	34,361	8,333	19,038	4,089	517	6,534	6,962	
Shooting Guard	1986-87	4117	12.0	14.9	23.6	2.6	2.8	1.1	0.3	1.6	4.7	10.2	46.3	0.3	0.8	31.8	2.3	2.9	79.5	97,257	49,386	10,718	11,521	4,337	1,131	6,752	8,641	
Small Forward	1986-87	3746	12.2	15.7	24.0	4.2	2.1	0.8	0.4	1.6	4.7	9.7	48.8	0.1	0.5	32.5	2.6	3.4	76.2	89,855	45,731	15,769	7,897	2,972	1,598	6,036	8,615	
Power Forward	1986-87	4114	10.4	15.1	23.5	6.2	1.4	0.7	0.7	1.6	4.0	8.0	49.8	0.0	0.2	23.3	2.3	3.2	73.5	96,501	42,620	25,424	5,886	2,784	3,006	6,571	11,507	
Center	1986-87	3894	9.0	14.1	22.3	5.8	1.2	0.5	1.1	1.4	3.5	7.1	49.3	0.0	0.0	12.0	2.0	2.8	72.6	86,861	35,240	22,776	4,656	2,082	4,159	5,630	10,552	
Point Guard	1987-88	3763	9.4	15.3	23.8	2.3	5.2	1.2	0.1	1.8	3.6	7.8	46.5	0.3	0.8	32.1	1.9	2.3	80.8	89,710	35,275	8,668	19,746	4,386	541	6,766	7,074	
Shooting Guard	1987-88	3855	12.0	15.2	24.6	2.8	3.0	1.1	0.3	1.6	4.7	10.1	46.8	0.3	0.9	34.1	2.2	2.8	80.3	94,739	46,393	10,634	11,690	4,077	1,003	6,124	8,101	
Small Forward	1987-88	3708	12.6	15.7	24.4	4.3	2.0	0.8	0.5	1.6	5.0	10.3	48.4	0.1	0.5	29.8	2.5	3.2	76.5	90,463	46,573	15,894	7,388	3,006	1,845	6,053	8,749	
Power Forward	1987-88	3906	10.5	14.9	24.0	6.2	1.4	0.7	0.7	1.6	4.0	8.1	49.3	0.0	0.2	25.2	2.5	3.3	74.3	93,889	40,921	24,106	5,375	2,604	2,711	6,178	10,853	
Center	1987-88	4007	8.7	13.9	21.5	5.6	1.1	0.5	1.0	1.5	3.4	6.8	49.6	0.0	0.0	20.0	1.9	2.7	72.2	86,239	34,831	22,526	4,400	1,982	4,060	5,867	10,684	
Point Guard	1988-89	3980	9.7	15.4	24.4	2.6	5.5	1.3	0.1	2.0	3.7	8.1	46.0	0.3	1.0	31.5	1.9	2.4	81.1	96,957	38,687	10,288	21,741	5,106	589	7,893	7,701	
Shooting Guard	1988-89	4131	12.3	15.3	24.7	3.0	3.0	1.1	0.2	1.7	4.8	10.4	46.6	0.4	1.2	35.0	2.3	2.9	79.9	102,193	50,995	12,571	12,266	4,419	982	6,919	8,469	
Small Forward	1988-89	4158	13.1	15.5	25.3	4.4	2.0	0.9	0.5	1.8	5.2	10.9	47.8	0.2	0.6	30.6	2.5	3.2	77.7	105,045	54,663	18,437	8,447	3,745	1,967	7,313	9,952	
Power Forward	1988-89	4333	9.9	14.8	23.1	5.7	1.3	0.7	0.7	1.5	3.8	7.7	49.5	0.1	0.3	28.4	2.3	3.0	74.4	100,113	42,998	24,796	5,700	3,080	2,987	6,463	11,027	
Center	1988-89	4434	8.2	13.8	20.5	5.4	1.0	0.5	1.0	1.4	3.2	6.5	49.2	0.0	0.1	28.7	1.8	2.5	71.6	90,842	36,454	23,939	4,277	2,269	4,424	6,083	11,355	
Point Guard	1989-90	4426	9.1	15.1	24.2	2.5	5.2	1.2	0.1	1.8	3.5	7.7	45.6	0.4	1.0	34.3	1.8	2.2	80.2	106,910	40,484	11,054	23,220	5,133	537	7,864	7,896	
Shooting Guard	1989-90	4486	12.2	15.4	24.5	3.0	2.7	1.0	0.2	1.6	4.7	10.2	46.6	0.4	1.2	35.3	2.3	2.9	79.7	110,112	54,949	13,670	11,992	4,393	1,039	6,993	9,025	
Small Forward	1989-90	4195	12.3	15.4	25.3	4.4	2.1	0.9	0.4	1.6	4.8	10.0	48.1	0.2	0.7	30.0	2.4	3.1	77.1	106,315	51,391	18,408	9,011	3,759	1,833	6,688	9,981	
Power Forward	1989-90	4864	10.4	14.9	22.9	5.4	1.3	0.7	0.6	1.4	4.0	8.1	49.2	0.1	0.2	26.6	2.3	3.1	74.1	111,534	50,465	26,336	6,167	3,164	2,876	6,972	12,734	
Center	1989-90	4520	8.8	14.1	22.1	5.8	1.0	0.5	1.1	1.3	3.4	7.0	48.7	0.1	0.2	30.1	1.9	2.6	71.9	99,889	39,593	26,050	4,633	2,432	4,922	6,040	11,842	
Point Guard	1990-91	4347	10.5	15.9	24.8	2.4	5.2	1.2	0.1	1.8	4.0	8.7	46.2	0.4	1.2	32.7	2.0	2.5	80.0	107,826	45,534	10,596	22,804	5,136	625	8,009	8,300	
Shooting Guard	1990-91	4536	12.0	15.3	24.4	2.9	2.7	1.0	0.3	1.6	4.6	10.0	46.3	0.4	1.3	33.1	2.3	2.9	80.7	110,715	54,211	13,269	12,384	4,649	1,304	7,113	9,517	
Small Forward	1990-91	4354	12.0	15	25.1	4.3	2.0	0.9	0.5	1.6	4.7	10.0	47.3	0.2	0.7	31.1	2.3	3.0	77.9	109,106	52,267	18,682	8,592	3,748	2,009	6,872	9,808	
Power Forward	1990-91	4929	9.7	14.9	22.7	5.6	1.4	0.6	0.6	1.4	3.8	7.7	48.9	0.1	0.3	29.3	2.1	2.8	72.8	112,069	47,989	27,712	6,894	3,187	2,990	6,872	12,377	
Center	1990-91	4382	8.1	13.7	21.8	5.8	0.9	0.5	1.1	1.3	3.2	6.4	49.1	0.0	0.1	22.2	1.7	2.5	70.7	95,544	35,369	25,517	4,108	2,294	4,696	5,683	11,302	
Point Guard	1991-92	4551	9.7	14.9	24.0	2.2	4.9	1.2	0.2	1.8	3.8	8.4	44.9	0.4	1.2	33.1	1.8	2.3	79.6	109,175	44,184	10,228	22,218	5,309	737	8,112	8,243	
Shooting Guard	1991-92	4342	12.2	15.1	25.0	3.0	2.7	1.0	0.3	1.6	4.7	10.2	46.4	0.4	1.3	34.5	2.3	2.8	79.5	108,393	52,921	13,006	11,672	4,429	1,302	6,891	8,787	
Small Forward	1991-92	4384	11.5	14.8	24.3	4.0	1.9	0.8	0.5	1.4	4.6	9.7	47.0	0.3	1.0	33.2	2.0	2.6	76.6	106,481	50,199	17,497	8,342	3,705	2,064	6,230	9,388	
Power Forward	1991-92	4538	10.6	15.7	25.0	6.6	1.5	0.7	0.6	1.4	4.1	8.3	49.4	0.1	0.3	28.6	2.2	3.0	74.0	113,514	47,980	30,143	7,030	3,212	2,930	6,519	11,372	
Center	1991-92	4617	8.2	14.4	21.2	5.6	1.1	0.5	1.1	1.2	3.2	6.6	49.0	0.0	0.1	25.9	1.7	2.4	70.0	97,747	37,871	25,806	4,930	2,476	5,183	5,691	11,437	
Point Guard	1992-93	4447	9.8	15.2	24.6	2.3	4.9	1.2	0.1	1.7	3.7	8.1	45.7	0.5	1.3	34.8	1.9	2.4	79.8	109,318	43,579	10,341	21,889	5,138	639	7,731	8,603	
Shooting Guard	1992-93	4272	12.1	15	25.1	2.9	2.7	1.0	0.3	1.6	4.6	10.1	46.1	0.6	1.7	34.9	2.2	2.8	79.2	107,352	51,733	12,206	11,605	4,373	1,130	6,735	9,034	
Small Forward	1992-93	4298	11.1	14.5	24.3	4.0	2.0	0.8	0.4	1.5	4.3	9.3	46.7	0.3	1.0	33.0	2.1	2.7	76.5	104,620	47,750	17,018	8,695	3,606	1,742	6,269	9,293	
Power Forward	1992-93	4999	10.5	15.3	24.2	6.1	1.5	0.7	0.7	1.5	4.1	8.3	49.0	0.1	0.3	27.6	2.2	3.0	73.3	120,840	52,418	30,579	7,594	3,430	3,316	7,524	12,970	
Center	1992-93	4495	8.4	15	20.7	5.6	1.1	0.5	1.1	1.3	3.3	6.6	49.6	0.0	0.1	25.1	1.8	2.6	69.1	93,030	37,593	25,360	4,922	2,385	4,731	5,894	11,369	
Point Guard	1993-94	4572	9.4	15	24.1	2.3	4.7	1.1	0.1	1.8	3.6	8.1	44.5	0.5	1.4	34.1	1.7	2.2	78.6	110,282	43,159	10,337	21,629	5,244	591	8,079	8,054	
Shooting Guard	1993-94	4284	11.7	14.7	25.5	2.9	2.7	1.1	0.3	1.6	4.5	9.9	45.0	0.6	1.8	34.1	2.2	2.8	78.9	109,364	50,169	12,297	11,493	4,546	1,209	6,976	8,325	
Small Forward	1993-94	4346	10.7	14.6	24.4	4.2	1.9	0.9	0.4	1.4	4.2	9.1	45.9	0.4	1.3	33.0	1.9	2.6	73.2	106,069	46,414	18,395	8,296	3,845	1,920	6,262	9,349	
Power Forward	1993-94	4607	9.2	15.2	23.1	6.0	1.5	0.7	0.6	1.4	3.6	7.5	48.3	0.1	0.4	29.7	1.9	2.7	69.9	106,430	42,346	27,704	6,933	3,219	2,887	6,347	11,242	
Center	1993-94	4750	9.0	15.7	21.4	5.6	1.2	0.6	1.0	1.4	3.5	7.1	49.9	0.0	0.1	28.4	1.9	2.8	68.1	101,665	42,649	26,459	5,652	2,798	4,972	6,546	12,105	
Point Guard	1994-95	4447	9.5	15.4	24.4	2.3	4.8	1.1	0.1	1.8	3.5	7.8	44.5	0.8	2.2	36.5	1.8	2.3	78.6	108,464	42,358	10,071	21,558	4,911	615	8,056	8,448	
Shooting Guard	1994-95	4428	11.3	14.4	24.9	2.7	2.4	0.9	0.2	1.5	4.1	9.2	44.3	1.0	2.8	36.1	2.1	2.7	78.4	110,227	50,062	11,876	10,789	4,045	1,084	6,712	9,185	
Small Forward	1994-95	4468	11.0	14.8	24.6	3.9	1.8	0.8	0.4	1.5	4.1	8.9	45.9	0.7	1.9	36.1	2.1	2.9	74.9	109,869	49,180	17,628	8,083	3,783	1,873	6,639	10,223	
Power Forward	1994-95	4595	9.5	15.4	23.5	5.8	1.5	0.7	0.7	1.4	3.7	7.6	49.1	0.2	0.5	32.3	1.9	2.8	68.6	107,951	43,810	26,696	6,896	3,294	2,996	6,580	11,797	
Center	1994-95	4493	8.7	15	22.1	5.7	1.0	0.5	1.1	1.4	3.4	6.8	50.3	0.1	0.2	32.4	1.8	2.6	68.8	99,099	39,108	25,735	4,403	2,297	4,862	6,133	12,308	
Point Guard	1995-96	4760	9.9	15.8	24.5	2.3	4.6	1.1	0.1	1.8	3.5	8.1	43.8	0.9	2.6	36.9	1.9	2.5	78.3	116,533	47,323	10,962	21,946	5,100	662	8,701	9,321	
Shooting Guard	1995-96	4874	11.2	14.7	25.4	2.9	2.4	0.9	0.3	1.5	4.0	9.1	44.6	1.0	2.7	37.1	2.1	2.7	79.0	123,815	54,698	14,124	11,742	4,504	1,268	7,395	10,106	
Small Forward	1995-96	4699	10.8	14.8	25.7	4.3	2.0	0.8	0.4	1.5	4.0	8.8	45.8	0.8	2.0	37.2	2.0	2.7	74.8	120,591	50,904	20,171	9,523	3,878	2,007	7,141	10,664	
Power Forward	1995-96	5029	9.1	14.8	23.0	5.5	1.3	0.6	0.6	1.4	3.5	7.4	48.2	0.2	0.5	33.7	1.9	2.7	69.7	115,813	45,844	27,669	6,405	3,124	3,081	6,830	12,547	
Center	1995-96	4544	8.3	14.9	21.5	5.5	1.0	0.5	1.1	1.4	3.3	6.6	49.7	0.0	0.1	27.5	1.7	2.6	67.9	97,818	37,850	25,173	4,334	2,346	5,020	6,213	12,168	
Point Guard	1996-97	4693	9.7	15.6	24.6	2.3	4.5	1.1	0.1	1.8	3.5	8.0	43.1	1.0	2.7	36.0	1.8	2.3	78.0	115,606	45,503	10,677	20,972	5,059	647	8,374	8,642	+455
Shooting Guard	1996-97	4734	11.0	14.7	25.3	2.8	2.3	1.0	0.3	1.5	3.9	9.0	43.3	1.1	3.0	36.9	2.1	2.6	79.8	119,865	52,181	13,250	10,972	4,525	1,200	7,151	9,130	+514
Small Forward	1996-97	4553	10.9	14.7	26.4	4.1	2.1	0.9	0.4	1.5	4.1	9.0	45.1	0.8	2.1	35.9	2.0	2.7	75.2	120,099	49,508	18,646	9,469	4,098	2,036	7,002	10,413	-803
Power Forward	1996-97	5059	9.3	15.3	23.8	5.9	1.3	0.7	0.6	1.4	3.6	7.5	48.0	0.2	0.5	32.7	1.9	2.8	69.5	120,249	46,983	29,626	6,793	3,459	3,013	7,209	12,307	-363
Center	1996-97	4718	7.7	14.7	21.1	5.4	0.9	0.5	1.0	1.3	3.0	6.2	49.1	0.0	0.1	31.8	1.6	2.4	67.1	99,351	36,258	25,504	4,220	2,345	4,778	6,042	12,110	+197
Point Guard	1997-98	4917	8.7	14.6	23.9	2.3	4.3	1.1	0.1	1.7	3.2	7.6	42.1	0.6	1.8	33.6	1.7	2.2	78.3	117,635	42,843	11,250	21,082	5,224	672	8,445	9,070	-249
Shooting Guard	1997-98	4858	10.7	14.5	25.2	2.8	2.3	0.9	0.2	1.4	3.9	9.0	43.2	0.9	2.5	36.7	2.0	2.5	79.5	122,424	51,911	13,624	10,952	4,527	1,166	6,904	9,220	+977
Small Forward	1997-98	4490	10.5	14.9	25.4	4.1	1.9	0.9	0.4	1.5	3.9	8.7	45.2	0.5	1.5	34.3	2.2	2.8	76.0	114,047	47,192	18,282	8,671	4,021	1,970	6,762	10,216	+218
Power Forward	1997-98	5057	9.5	15.6	24.1	5.8	1.4	0.7	0.6	1.4	3.7	7.8	47.4	0.1	0.4	29.1	2.1	3.0	69.4	121,856	48,257	29,451	7,183	3,707	3,219	7,329	12,665	-1181
Center	1997-98	4679	7.9	15.5	21.2	5.6	1.0	0.5	1.1	1.2	3.1	6.4	48.2	0.0	0.2	28.7	1.7	2.6	66.7	99,158	37,066	26,191	4,498	2,464	5,035	5,847	12,107	+235
Point Guard	1998-99	3001	8.6	15	24.2	2.4	4.2	1.1	0.1	1.7	3.2	7.6	41.5	0.7	2.0	33.4	1.6	2.0	76.9	72,558	25,679	7,167	12,493	3,161	368	5,179	5,303	+315
Shooting Guard	1998-99	2655	10.0	14.3	24.9	2.9	2.2	0.9	0.3	1.5	3.6	8.7	41.3	0.9	2.6	34.5	2.0	2.5	79.3	66,223	26,564	7,632	5,803	2,451	665	4,005	4,777	+458
Small Forward	1998-99	2900	10.0	14.7	25.3	3.9	1.8	0.9	0.4	1.4	3.7	8.6	43.0	0.6	1.6	35.1	2.0	2.7	75.8	73,478	29,011	11,256	5,318	2,697	1,157	4,090	6,341	-165
Power Forward	1998-99	3400	8.6	15.5	22.4	5.2	1.1	0.7	0.6	1.3	3.3	7.1	46.0	0.1	0.4	30.5	1.9	2.7	69.9	76,022	29,281	17,747	3,849	2,227	2,068	4,444	8,085	-338
Center	1998-99	2965	7.5	15.6	21.0	5.6	0.9	0.5	1.0	1.2	2.9	6.1	47.5	0.0	0.1	21.7	1.7	2.6	64.5	62,369	22,257	16,593	2,587	1,577	2,938	3,524	7,700	-270
Point Guard	1999-00	5151	8.7	14.8	23.1	2.4	4.2	1.0	0.1	1.6	3.2	7.7	42.2	0.7	2.0	34.5	1.5	1.9	78.8	118,885	44,699	12,151	21,707	4,931	632	8,356	9,306	-6
Shooting Guard	1999-00	4412	11.1	14.6	25.7	3.1	2.3	0.9	0.3	1.5	4.1	9.4	43.4	0.9	2.4	36.5	2.1	2.7	80.1	113,185	49,042	13,891	10,075	4,082	1,170	6,513	9,229	+163
Small Forward	1999-00	4907	10.8	15.1	25.4	4.2	2.1	0.9	0.4	1.5	4.1	9.1	44.7	0.6	1.7	35.9	2.1	2.7	77.1	124,676	53,169	20,589	10,068	4,230	2,102	7,304	11,182	+143
Power Forward	1999-00	4949	9.4	15.5	23.4	5.7	1.4	0.7	0.6	1.4	3.6	7.8	46.9	0.2	0.7	33.0	1.9	2.7	72.0	115,635	46,664	28,362	6,868	3,347	3,102	7,069	12,567	+306
Center	1999-00	4879	7.8	14.9	20.9	5.5	0.9	0.5	1.1	1.3	3.0	6.4	47.9	0.0	0.1	31.3	1.7	2.5	68.0	101,889	38,215	27,069	4,412	2,278	5,287	6,130	13,124	-606
Point Guard	2000-01	5203	8.6	14.8	23.6	2.4	4.1	0.9	0.1	1.6	3.2	7.7	42.2	0.7	1.9	35.3	1.5	1.9	79.1	122,948	44,960	12,528	21,106	4,866	644	8,217	9,354	-700
Shooting Guard	2000-01	4093	11.8	15.3	27.2	3.2	2.6	1.0	0.3	1.5	4.2	9.9	42.7	0.9	2.5	36.6	2.4	3.0	81.3	111,503	48,173	13,054	10,584	4,041	1,152	6,342	8,396	+879
Small Forward	2000-01	4911	10.5	14.7	25.0	4.1	1.8	0.8	0.4	1.5	4.0	9.0	44.3	0.6	1.7	35.0	1.9	2.5	76.0	122,692	51,461	20,173	9,055	3,959	1,912	7,211	10,949	-249
Power Forward	2000-01	4987	9.3	15.5	23.6	5.6	1.4	0.7	0.7	1.4	3.6	7.8	45.9	0.2	0.7	33.7	1.9	2.7	71.2	117,760	46,456	27,937	7,094	3,335	3,533	6,837	12,206	+223
Center	2000-01	4778	7.2	14.7	21.1	5.7	0.8	0.5	1.1	1.2	2.8	6.0	47.0	0.0	0.1	23.7	1.6	2.4	66.8	100,617	34,409	27,296	3,947	2,399	5,264	5,635	12,238	-153
Point Guard	2001-02	4902	9.5	15.3	24.7	2.5	4.4	1.0	0.1	1.6	3.6	8.4	42.2	0.8	2.2	34.8	1.7	2.1	79.6	120,869	46,730	12,446	21,700	4,785	676	8,035	8,648	+194
Shooting Guard	2001-02	4572	11.2	15	26.0	3.2	2.3	0.9	0.3	1.4	4.1	9.5	43.6	1.0	2.5	37.3	2.0	2.4	80.2	118,704	51,089	14,654	10,648	4,243	1,349	6,443	8,511	-57
Small Forward	2001-02	4531	10.8	14.6	26.0	4.3	2.0	0.9	0.4	1.5	4.1	9.4	44.1	0.6	1.8	33.6	1.9	2.5	76.9	117,877	49,070	19,549	8,997	3,882	1,965	6,706	9,631	+155
Power Forward	2001-02	4821	9.2	15.2	23.7	5.6	1.4	0.6	0.7	1.3	3.5	7.7	45.8	0.2	0.7	34.5	1.9	2.6	73.3	114,419	44,482	26,891	6,929	3,125	3,394	6,412	11,586	+320
Center	2001-02	5083	7.0	14.8	20.2	5.4	0.8	0.5	1.0	1.0	2.7	5.7	47.9	0.1	0.2	35.5	1.5	2.2	66.9	102,801	35,672	27,289	3,857	2,503	5,038	5,257	12,121	-612
Point Guard	2002-03	4705	9.6	15.1	24.8	2.5	4.1	1.0	0.1	1.7	3.5	8.3	42.2	0.8	2.2	34.8	1.8	2.2	80.3	116,645	45,102	11,886	19,123	4,473	646	7,958	8,688	-430
Shooting Guard	2002-03	4700	10.8	15.1	25.0	3.1	2.4	0.9	0.3	1.5	3.9	9.2	42.7	0.8	2.3	35.6	2.1	2.6	79.8	117,283	50,636	14,780	11,208	4,373	1,193	6,891	8,841	+116
Small Forward	2002-03	4838	10.2	14.4	25.5	4.1	1.8	0.9	0.4	1.4	3.9	8.8	43.9	0.7	1.9	35.3	1.9	2.4	77.7	123,496	49,584	20,054	8,907	4,247	1,855	6,877	10,479	+652
Power Forward	2002-03	4303	10.2	16.2	25.0	6.0	1.7	0.7	0.7	1.4	3.9	8.5	46.0	0.3	0.9	33.6	2.1	2.8	72.9	107,675	43,977	25,813	7,156	3,047	2,921	6,186	10,326	+577
Center	2002-03	5393	6.8	14.3	20.5	5.2	0.9	0.5	1.0	1.1	2.7	5.6	47.3	0.0	0.1	30.1	1.5	2.2	68.6	110,321	36,803	28,071	4,739	2,744	5,313	6,021	13,396	-915
Point Guard	2003-04	4495	9.3	14.8	24.8	2.5	4.2	1.0	0.1	1.8	3.4	8.2	41.4	0.8	2.3	34.3	1.7	2.2	79.2	111,507	41,976	11,135	18,675	4,418	639	7,918	8,350	+461
Shooting Guard	2003-04	4480	11.4	15	26.7	3.2	2.7	1.0	0.3	1.5	4.2	10.0	41.8	0.9	2.6	34.8	2.1	2.6	79.7	119,419	51,004	14,447	12,015	4,360	1,140	6,919	8,452	-550
Small Forward	2003-04	4777	9.5	14	24.4	3.8	1.6	0.8	0.3	1.3	3.6	8.1	43.7	0.7	1.9	36.0	1.8	2.3	76.8	116,715	45,613	18,221	7,713	4,007	1,482	6,277	9,793	+441
Power Forward	2003-04	5035	9.6	16.4	24.2	5.9	1.6	0.7	0.7	1.4	3.7	8.0	45.7	0.3	0.8	33.5	2.0	2.8	73.6	121,902	48,513	29,625	7,881	3,595	3,699	7,245	11,865	+771
Center	2003-04	5107	6.9	14.6	20.6	5.3	0.9	0.5	1.0	1.1	2.7	5.6	47.9	0.0	0.1	26.9	1.5	2.2	67.2	105,227	34,991	26,933	4,374	2,484	5,062	5,507	12,546	-1123
Point Guard	2004-05	5003	9.8	15.3	24.6	2.4	4.2	0.9	0.1	1.7	3.5	8.3	42.5	0.8	2.3	35.2	1.9	2.4	80.1	122,988	49,258	12,095	21,088	4,693	595	8,279	9,698	+74
Shooting Guard	2004-05	4937	10.2	14	24.7	3.0	2.2	0.8	0.2	1.3	3.6	8.5	42.5	0.8	2.4	35.4	2.1	2.6	79.9	122,114	50,182	14,949	11,101	4,173	1,149	6,648	9,978	-657
Small Forward	2004-05	4676	11.2	14.9	26.1	4.0	1.9	0.8	0.4	1.4	4.1	9.2	44.6	0.8	2.2	37.0	2.1	2.7	77.1	121,868	52,154	18,767	9,103	3,897	1,744	6,738	10,118	-194
Power Forward	2004-05	4803	10.3	16.4	24.9	6.2	1.4	0.7	0.7	1.4	3.9	8.5	46.3	0.3	0.9	34.2	2.2	2.9	73.7	119,503	49,685	29,683	6,933	3,352	3,575	6,575	11,882	+988
Center	2004-05	5536	6.8	14.4	19.6	5.0	0.7	0.4	0.9	1.1	2.6	5.4	49.2	0.0	0.1	32.2	1.5	2.2	67.4	108,527	37,830	27,476	4,117	2,374	4,900	5,844	13,995	-211
Point Guard	2005-06	5052	10.2	15.2	25.0	2.4	4.0	0.9	0.1	1.7	3.7	8.5	42.8	0.9	2.3	36.3	2.0	2.6	79.1	126,201	51,425	12,349	20,095	4,603	654	8,431	10,134	+818
Shooting Guard	2005-06	4731	11.4	14.8	26.2	3.0	2.4	0.9	0.2	1.5	4.1	9.4	43.9	1.0	2.6	36.5	2.3	2.8	79.3	123,980	54,124	14,327	11,420	4,117	1,063	7,093	9,737	+333
Small Forward	2005-06	4667	10.2	14.7	25.1	4.0	1.7	0.8	0.4	1.3	3.7	8.2	44.7	0.7	1.9	35.4	2.2	2.9	74.8	117,203	47,715	18,726	8,121	3,609	2,044	6,122	9,982	-948
Power Forward	2005-06	5177	9.7	16.2	23.3	5.4	1.4	0.6	0.6	1.3	3.7	7.8	47.3	0.3	0.9	34.7	1.9	2.7	72.7	120,643	50,156	28,101	7,239	2,986	3,022	6,541	12,430	+93
Center	2005-06	5289	6.7	13.9	20.3	5.2	0.7	0.4	0.9	1.1	2.6	5.3	49.9	0.1	0.2	32.2	1.3	2.0	65.3	107,527	35,221	27,251	3,836	2,317	4,777	5,689	13,703	-296
Point Guard	2006-07	4880	9.5	14.8	24.0	2.4	4.1	0.9	0.1	1.7	3.4	8.0	42.6	0.8	2.3	34.6	1.8	2.3	80.0	116,947	46,207	11,602	20,038	4,233	544	8,102	9,126	+13
Shooting Guard	2006-07	5060	11.0	14.8	25.0	2.7	2.4	0.8	0.2	1.5	3.9	8.9	44.2	0.9	2.6	36.7	2.2	2.8	80.1	126,720	55,847	13,789	12,299	4,279	1,031	7,457	9,809	+344
Small Forward	2006-07	4514	11.6	15.2	27.1	4.2	1.9	0.9	0.4	1.5	4.2	9.3	45.5	0.9	2.5	36.5	2.2	2.9	76.4	122,196	52,448	18,881	8,557	3,838	2,030	6,618	9,746	+724
Power Forward	2006-07	5647	8.4	14.7	21.3	4.9	1.2	0.5	0.5	1.2	3.2	6.9	47.1	0.3	0.9	35.3	1.6	2.2	73.4	120,263	47,541	27,548	6,628	3,010	2,696	6,834	12,936	-1273
Center	2006-07	4985	8.2	15.6	22.0	5.9	1.0	0.5	1.0	1.3	3.2	6.2	51.2	0.1	0.2	33.0	1.8	2.6	66.3	109,637	40,856	29,174	4,843	2,447	5,028	6,702	13,049	+192
Point Guard	2007-08	4855	9.4	14.6	24.2	2.4	4.2	0.9	0.1	1.6	3.5	8.0	43.3	0.8	2.3	36.0	1.6	2.0	79.8	117,451	45,609	11,562	20,610	4,313	618	7,638	8,699	-429
Shooting Guard	2007-08	5219	11.5	14.7	25.4	3.0	2.4	0.8	0.2	1.4	4.1	9.4	44.1	1.1	3.0	36.9	2.1	2.6	80.1	132,425	59,834	15,774	12,498	4,117	1,148	7,291	9,488	+350
Small Forward	2007-08	4646	11.1	14.8	25.5	3.9	1.9	0.8	0.4	1.3	4.0	9.0	45.0	0.9	2.4	37.1	2.1	2.7	77.3	118,613	51,361	18,311	8,756	3,725	1,902	6,190	9,504	+131
Power Forward	2007-08	5022	9.3	15.3	22.7	5.3	1.3	0.7	0.6	1.2	3.6	7.6	47.2	0.4	1.1	33.8	1.7	2.4	73.0	114,097	46,707	26,538	6,388	3,268	2,898	5,811	11,610	+12
Center	2007-08	5144	8.2	15.7	21.7	6.0	1.0	0.5	1.0	1.2	3.2	6.4	50.2	0.1	0.2	31.5	1.8	2.6	68.1	111,534	42,300	31,086	5,254	2,474	5,085	6,359	12,408	-64
Point Guard	2008-09	4857	10.1	14.9	25.2	2.6	4.3	0.9	0.1	1.7	3.6	8.4	43.2	0.8	2.3	36.2	2.0	2.4	81.7	122,399	48,835	12,531	20,729	4,596	630	8,219	8,853	-301
Shooting Guard	2008-09	4984	10.7	14.2	24.2	2.6	2.1	0.8	0.2	1.3	3.9	8.9	43.7	1.1	3.0	37.3	1.9	2.3	81.4	120,693	53,431	13,136	10,702	3,817	1,174	6,340	8,899	+1150
Small Forward	2008-09	4800	11.0	14.2	26.4	4.1	1.9	0.8	0.4	1.3	4.0	9.0	44.5	0.9	2.5	36.2	2.1	2.6	79.0	126,489	52,717	19,605	9,157	3,883	2,034	6,479	9,716	-1244
Power Forward	2008-09	4753	9.9	15.6	23.4	5.4	1.2	0.7	0.6	1.2	3.8	8.0	47.7	0.4	1.2	37.3	1.9	2.5	74.7	111,276	47,175	25,506	5,607	3,097	2,796	5,765	11,204	+1221
Center	2008-09	5235	8.4	16.2	21.7	5.9	1.0	0.5	1.0	1.2	3.3	6.3	51.6	0.1	0.2	34.1	1.7	2.5	69.4	113,802	43,721	30,808	5,410	2,490	5,183	6,242	13,093	-826
Point Guard	2009-10	5079	10.1	14.9	24.7	2.4	4.3	0.9	0.1	1.7	3.7	8.5	43.9	0.9	2.4	36.0	1.8	2.2	80.3	125,684	51,501	12,253	21,633	4,541	744	8,782	9,151	+291
Shooting Guard	2009-10	4845	11.0	14.2	25.0	2.9	2.2	0.8	0.3	1.3	4.0	9.1	43.8	1.0	2.8	35.7	2.0	2.5	79.0	121,186	53,133	14,198	10,889	3,880	1,292	6,430	8,799	+778
Small Forward	2009-10	4768	9.9	13.9	24.2	3.7	1.6	0.7	0.4	1.2	3.6	8.1	44.7	0.9	2.4	35.5	1.8	2.4	77.8	115,607	47,206	17,842	7,732	3,511	1,829	5,571	8,719	-529
Power Forward	2009-10	5299	10.3	16	24.0	5.7	1.3	0.7	0.7	1.3	4.0	8.3	48.1	0.4	1.1	34.4	1.9	2.6	73.9	126,919	54,359	30,117	6,716	3,580	3,447	6,679	12,723	-282
Center	2009-10	4822	8.5	16.1	21.8	5.9	1.1	0.5	1.0	1.2	3.4	6.5	51.6	0.1	0.3	33.0	1.7	2.4	69.0	105,115	40,901	28,230	5,288	2,247	4,635	5,894	11,917	-258
Point Guard	2010-11	4912	10.2	15.4	24.7	2.5	4.6	0.9	0.2	1.8	3.7	8.5	43.1	0.8	2.4	35.2	2.0	2.4	81.9	121,316	49,866	12,133	22,457	4,609	780	9,048	8,644	+596
Shooting Guard	2010-11	5326	10.6	14	24.4	2.8	2.0	0.8	0.2	1.3	3.8	8.8	43.7	1.1	2.9	36.7	1.8	2.3	80.7	130,056	56,472	14,956	10,782	4,182	1,265	6,718	9,380	-689
Small Forward	2010-11	4804	10.1	14	24.7	3.7	1.7	0.8	0.4	1.2	3.7	8.3	44.4	0.9	2.5	35.8	1.8	2.3	77.9	118,607	48,375	17,981	8,158	3,641	2,040	5,825	9,013	-111
Power Forward	2010-11	4845	10.0	16.3	23.6	5.7	1.3	0.6	0.6	1.2	3.9	8.0	48.8	0.3	0.9	35.6	1.8	2.5	74.3	114,577	48,498	27,478	6,098	2,996	2,936	5,673	11,206	+486
Center	2010-11	5266	7.9	15.6	21.0	5.6	1.0	0.5	0.9	1.2	3.1	6.2	50.8	0.0	0.1	30.1	1.6	2.4	67.4	110,510	41,683	29,268	5,392	2,595	4,945	6,167	12,710	-282
Point Guard	2011-12	3991	9.8	15.4	24.1	2.4	4.3	0.9	0.2	1.9	3.6	8.5	42.4	0.8	2.4	34.3	1.8	2.2	80.8	96,019	39,204	9,683	17,087	3,733	704	7,438	6,631	+606
Shooting Guard	2011-12	4335	10.2	13.9	24.1	2.7	2.1	0.8	0.2	1.3	3.7	8.7	42.7	1.0	2.9	36.1	1.7	2.1	80.3	104,444	44,148	11,755	8,946	3,401	1,000	5,726	7,319	+304
Small Forward	2011-12	4085	9.1	13.8	23.7	3.7	1.7	0.8	0.4	1.2	3.4	7.8	43.2	0.8	2.4	34.5	1.5	2.0	76.4	96,759	37,012	15,236	6,793	3,179	1,657	4,839	6,843	-886
Power Forward	2011-12	4481	9.2	16	22.8	5.5	1.1	0.6	0.7	1.2	3.7	7.7	47.4	0.3	0.8	34.3	1.6	2.2	72.1	102,178	41,371	24,718	5,134	2,791	2,935	5,160	9,605	+457
Center	2011-12	3866	7.5	16	20.6	5.7	0.9	0.5	1.0	1.2	3.0	6.0	50.1	0.0	0.1	26.0	1.4	2.2	66.5	79,664	28,859	22,121	3,573	2,096	3,790	4,457	8,346	-481
Point Guard	2012-13	4798	10.4	15.6	24.7	2.4	4.5	1.0	0.2	1.8	3.8	8.8	43.2	1.0	2.8	36.5	1.8	2.2	81.2	118,474	49,730	11,752	21,456	4,693	861	8,764	8,746	+525
Shooting Guard	2012-13	5324	9.9	13.6	23.7	2.6	2.2	0.8	0.2	1.3	3.6	8.4	42.8	1.1	3.0	36.0	1.7	2.1	79.7	125,973	52,742	13,683	11,846	4,320	1,305	7,066	8,654	-586
Small Forward	2012-13	5108	9.0	13.4	23.2	3.6	1.6	0.8	0.4	1.1	3.3	7.6	43.0	1.0	2.7	36.1	1.5	1.9	77.7	118,680	45,780	18,242	8,427	3,936	1,892	5,845	8,494	-176
Power Forward	2012-13	5176	9.6	16.1	22.8	5.5	1.4	0.7	0.6	1.2	3.8	8.0	47.4	0.4	1.1	34.9	1.6	2.3	71.4	117,964	49,548	28,555	7,130	3,396	3,216	6,259	10,921	+6
Center	2012-13	5351	8.1	16.4	21.2	5.9	1.0	0.5	1.0	1.2	3.3	6.5	51.0	0.0	0.1	24.4	1.5	2.2	67.7	113,395	43,423	31,343	5,556	2,833	5,348	6,360	11,960	+231
Point Guard	2013-14	4922	10.7	15.3	25.0	2.6	4.4	1.0	0.2	1.8	3.9	9.1	42.5	1.0	2.9	36.0	2.0	2.4	80.7	122,834	52,873	12,833	21,536	4,731	830	9,104	9,137	+1077
Shooting Guard	2013-14	5091	10.4	13.7	24.0	2.7	2.2	0.8	0.2	1.3	3.7	8.6	43.2	1.1	3.1	36.4	1.8	2.3	80.0	122,341	53,166	13,701	11,222	3,961	1,032	6,803	9,070	-521
Small Forward	2013-14	5052	9.1	13.1	23.8	3.6	1.6	0.8	0.4	1.2	3.3	7.6	43.7	1.0	2.8	36.2	1.5	1.9	76.0	120,217	45,971	18,317	8,288	4,022	1,822	5,855	9,041	-776
Power Forward	2013-14	5079	10.3	16.6	23.0	5.5	1.4	0.7	0.6	1.2	4.0	8.3	47.7	0.5	1.4	35.3	1.8	2.5	73.8	117,011	52,386	27,693	7,335	3,381	3,023	6,288	11,131	+1154
Center	2013-14	5474	8.1	16.5	20.6	6.0	1.1	0.5	0.9	1.2	3.2	6.3	51.2	0.1	0.2	30.9	1.5	2.2	67.9	112,798	44,086	32,617	5,750	2,800	4,887	6,516	12,544	-934
Point Guard	2014-15	5064	10.6	15.4	24.7	2.7	4.3	0.9	0.2	1.8	3.9	9.1	42.5	1.0	3.0	34.7	1.9	2.3	80.2	124,911	53,912	13,753	21,789	4,704	859	9,118	9,182	+375
Shooting Guard	2014-15	5137	10.2	13.6	23.7	2.7	2.1	0.8	0.2	1.3	3.7	8.6	42.2	1.1	3.2	35.8	1.8	2.2	80.1	121,643	52,622	13,841	10,552	4,230	1,276	6,681	8,833	-18
Small Forward	2014-15	5236	9.2	13.5	23.3	3.6	1.7	0.8	0.3	1.1	3.4	7.7	43.6	1.0	2.8	35.2	1.5	1.9	76.9	121,757	48,043	18,960	8,835	4,062	1,665	5,996	9,131	-25
Power Forward	2014-15	5175	9.2	15.5	22.1	5.2	1.4	0.6	0.5	1.1	3.6	7.7	46.4	0.5	1.5	34.1	1.5	2.2	70.8	114,423	47,541	26,742	7,172	3,290	2,846	5,781	10,713	-507
Center	2014-15	5369	8.2	17.1	20.9	6.2	1.1	0.5	1.0	1.1	3.3	6.4	51.4	0.1	0.2	31.6	1.5	2.2	67.3	112,480	43,917	33,208	5,854	2,745	5,151	6,149	11,869	+175
Point Guard	2015-16	4920	10.8	15.7	24.1	2.8	4.3	1.0	0.2	1.8	3.9	9.1	43.0	1.1	3.0	35.8	1.9	2.4	80.1	118,747	53,130	13,842	21,087	4,680	951	8,946	8,711	+1068
Shooting Guard	2015-16	5270	10.4	13.3	23.9	2.7	2.1	0.8	0.3	1.3	3.7	8.8	42.7	1.2	3.3	35.8	1.7	2.1	81.3	125,926	54,704	14,464	10,958	4,299	1,338	6,743	9,454	-639
Small Forward	2015-16	5404	9.8	13.6	23.9	3.8	1.8	0.8	0.3	1.2	3.6	8.1	43.7	1.1	3.0	35.0	1.6	2.1	78.6	129,233	52,970	20,303	9,626	4,287	1,871	6,476	9,862	-111
Power Forward	2015-16	5264	8.9	15.4	21.5	5.1	1.3	0.6	0.6	1.1	3.4	7.3	46.7	0.6	1.7	35.1	1.4	2.0	73.4	112,919	46,756	26,781	6,915	3,242	3,216	5,668	10,494	-362
Center	2015-16	5220	8.6	17.5	20.7	6.2	1.2	0.5	0.9	1.2	3.4	6.6	51.8	0.1	0.4	32.6	1.6	2.5	66.1	108,032	45,012	32,255	6,245	2,795	4,817	6,103	11,333	+44
Point Guard	2016-17	5251	11.1	15.9	23.6	2.8	4.2	0.9	0.2	1.8	4.0	9.1	43.4	1.1	3.1	35.9	2.1	2.5	82.6	123,894	58,377	14,850	22,195	4,610	1,042	9,256	9,134	+477
Shooting Guard	2016-17	5501	10.1	12.9	23.3	2.7	1.9	0.7	0.3	1.2	3.6	8.4	43.1	1.3	3.6	36.8	1.5	1.9	81.1	128,202	55,491	15,048	10,644	4,036	1,385	6,358	9,079	-859
Small Forward	2016-17	5121	10.1	14.1	23.9	3.9	1.8	0.8	0.4	1.1	3.7	8.2	44.9	1.0	3.0	35.3	1.7	2.2	78.5	122,443	51,799	19,766	8,997	4,226	2,054	5,697	9,251	+349
Power Forward	2016-17	5397	8.7	14.5	21.3	4.8	1.3	0.6	0.5	1.0	3.3	7.2	46.3	0.7	2.1	34.6	1.3	1.8	74.6	114,727	47,048	25,952	7,257	3,240	2,776	5,570	10,452	-450
Center	2016-17	4868	9.7	18.2	21.6	6.5	1.3	0.6	0.9	1.2	3.8	7.3	52.7	0.3	0.8	34.8	1.7	2.5	68.8	105,139	47,038	31,430	6,567	2,838	4,412	6,016	11,034	+483
Point Guard	2017-18	5191	10.5	15.1	23.5	3.0	4.0	0.9	0.2	1.7	3.9	8.9	43.4	1.1	3.1	35.5	1.7	2.2	79.7	121,928	54,716	15,417	20,792	4,668	1,189	8,680	9,114	-233
Shooting Guard	2017-18	5393	11.0	14	23.7	2.8	2.3	0.8	0.3	1.3	3.9	9.0	43.7	1.5	3.9	37.0	1.6	2.0	81.1	128,009	59,091	15,303	12,256	4,276	1,500	6,955	8,963	+1254
Small Forward	2017-18	4917	9.7	12.9	23.9	3.5	1.8	0.8	0.4	1.1	3.6	8.0	44.8	1.2	3.2	36.4	1.4	1.8	77.2	117,631	47,845	17,392	8,730	3,989	1,838	5,644	9,131	-1154
Power Forward	2017-18	5430	9.7	15.2	22.2	4.9	1.4	0.6	0.6	1.1	3.7	7.8	47.1	0.9	2.5	35.6	1.5	2.0	75.6	120,313	52,929	26,716	7,721	3,255	3,038	5,851	10,455	+112
Center	2017-18	5176	9.1	18.2	20.5	6.2	1.5	0.5	0.8	1.3	3.6	6.7	53.0	0.3	0.9	35.7	1.6	2.3	70.4	105,969	46,999	32,222	7,664	2,795	4,280	6,508	11,174	+21
Point Guard	2018-19	5358	11.6	15.2	24.1	3.1	4.2	0.9	0.2	1.7	4.2	9.6	43.7	1.3	3.6	35.6	1.9	2.4	79.9	129,366	61,938	16,620	22,375	4,731	1,312	9,037	10,044	-7
Shooting Guard	2018-19	5787	10.7	12.9	23.2	3.0	2.2	0.7	0.3	1.2	3.9	9.0	43.4	1.4	3.9	36.0	1.5	1.9	78.6	134,301	61,829	17,142	12,817	4,163	1,650	6,956	10,463	-1248
Small Forward	2018-19	5222	10.1	13.3	23.2	3.8	1.9	0.8	0.4	1.1	3.6	8.2	44.3	1.2	3.5	35.7	1.6	2.0	78.6	120,981	52,597	19,649	9,728	3,988	1,901	5,816	9,289	+144
Power Forward	2018-19	5121	9.6	15	21.6	5.0	1.5	0.6	0.5	1.1	3.6	7.5	47.4	1.0	2.7	35.2	1.5	2.0	75.0	110,368	49,273	25,799	7,841	3,083	2,676	5,643	10,829	+239
Center	2018-19	4613	10.4	19.6	21.6	6.9	1.7	0.6	1.0	1.3	4.1	7.5	54.2	0.3	1.0	33.2	1.9	2.6	71.2	99,445	47,936	31,897	7,722	2,814	4,646	5,841	10,800	+872
Point Guard	2019-20	4450	11.9	15.6	24.0	3.1	4.2	0.9	0.2	1.8	4.2	9.7	43.9	1.3	3.7	35.6	2.0	2.5	81.3	106,667	52,750	13,796	18,710	3,825	1,026	7,953	7,820	+1215
Shooting Guard	2019-20	4969	11.4	13.5	23.6	3.1	2.2	0.8	0.3	1.3	4.0	9.4	43.2	1.6	4.3	36.5	1.7	2.1	80.0	117,158	56,529	15,284	11,098	3,835	1,432	6,494	9,104	-1319
Small Forward	2019-20	4614	9.3	13.1	22.7	3.8	1.9	0.8	0.4	1.0	3.4	7.5	45.1	1.1	3.2	35.5	1.4	1.8	77.5	104,794	42,808	17,396	8,628	3,500	1,633	4,833	8,710	+46
Power Forward	2019-20	4370	10.7	15.1	22.8	5.0	1.7	0.6	0.5	1.2	3.9	8.4	46.6	1.2	3.3	36.2	1.7	2.2	77.5	99,591	46,712	21,989	7,305	2,771	2,289	5,397	9,025	-667
Center	2019-20	3990	9.5	18.6	21.0	6.6	1.5	0.6	1.0	1.2	3.8	6.9	54.3	0.4	1.2	32.8	1.6	2.3	69.0	83,853	37,989	26,492	5,908	2,269	3,998	4,793	9,345	+725
Point Guard	2020-21	4498	11.7	15.5	23.5	3.1	4.0	0.9	0.2	1.6	4.2	9.5	44.3	1.4	3.9	36.9	1.8	2.3	80.5	105,840	52,715	14,068	18,205	3,895	1,050	7,328	7,342	+732
Shooting Guard	2020-21	6213	10.6	13.2	22.7	3.0	2.2	0.7	0.3	1.2	3.8	8.6	43.9	1.5	4.1	36.9	1.5	1.8	81.1	140,932	65,551	18,720	13,574	4,514	1,820	7,192	10,539	-545
Small Forward	2020-21	3597	9.9	13.4	23.2	3.9	1.9	0.7	0.4	1.1	3.6	7.9	45.8	1.3	3.4	36.8	1.5	1.9	78.9	83,316	35,744	13,885	6,914	2,613	1,364	3,966	6,374	-1027
Power Forward	2020-21	5183	10.1	15.4	21.9	4.8	1.8	0.6	0.5	1.1	3.8	7.8	48.3	1.0	2.8	36.6	1.5	2.0	76.0	113,471	52,341	24,773	9,109	3,249	2,828	5,663	9,561	+1703
Center	2020-21	3563	10.0	18.5	21.9	6.8	1.6	0.6	1.0	1.2	3.9	7.2	54.4	0.5	1.4	34.2	1.7	2.4	71.4	77,938	35,766	24,240	5,775	2,085	3,462	4,419	7,853	-861
2021-22	36	8.9	9.9	21.3	2.7	2.8	0.8	0.4	1.7	3.1	8.4	36.3	0.9	3.1	29.1	1.9	2.8	68.6	768	322	97	101	29	13	60	68	-255
Point Guard	2021-22	4981	11.4	14.9	24.5	3.3	4.2	0.9	0.3	1.6	4.1	9.6	43.2	1.4	4.1	35.3	1.7	2.1	81.0	121,927	57,030	16,191	20,830	4,643	1,312	8,179	8,730	+1110
Shooting Guard	2021-22	6986	10.9	13.3	23.5	3.1	2.3	0.7	0.3	1.2	3.9	9.0	43.4	1.5	4.3	36.0	1.5	1.9	81.2	164,234	76,024	21,438	15,956	5,104	1,903	8,237	11,899	-3168
Small Forward	2021-22	5100	10.2	13.9	23.1	3.9	1.9	0.7	0.4	1.1	3.7	8.2	45.3	1.3	3.7	35.4	1.5	1.9	78.8	117,842	52,232	20,064	9,581	3,751	1,928	5,497	8,946	+1553
Power Forward	2021-22	4815	9.4	15.5	21.2	5.0	1.6	0.6	0.6	1.0	3.5	7.3	48.5	0.9	2.5	34.6	1.5	2.0	73.8	102,095	45,501	24,035	7,578	2,835	2,704	4,983	9,434	-1017
Center	2021-22	4121	10.0	19.2	21.1	6.7	1.6	0.6	0.9	1.3	3.9	7.0	55.2	0.4	1.3	33.6	1.8	2.5	71.4	86,871	41,006	27,522	6,590	2,410	3,734	5,161	9,229	+1777
